version https://git-lfs.github.com/spec/v1
oid sha256:dbde1d687f565206fdedf004d0ba2fb501c5abb62a16d55bc26793f6248788e5
size 24439
